bands

0.7178082191780821
0.7068493150684931
0.7068493150684931
0.606
0.7123999999999999

ionosphere

0.9058350100603623
0.9030985915492957
0.908692152917505
0.8562
0.9202

bupa

0.7275362318840579
0.7159420289855072
0.7304347826086957
0.6276
0.716

heart

0.7962962962962964
0.7962962962962964
0.7925925925925925
0.7224
0.8333999999999999

hepatitis

0.8625
0.825 
0.8625
0.8286
0.9376

mammographic

0.7831325301204819
0.7975903614457831
0.8
0.7664000000000001
0.8081999999999999

monk-2

1.0
1.0
1.0
0.9974000000000001
1.0

pima

0.7539003480179951
0.7343773873185638
0.7461081402257873
0.6925999999999999
0.7474000000000001

phoneme

0.8941539041354026
0.8960047281323877
0.8972996539555282
0.8383999999999998
0.8560000000000001

wdbc

0.9454743052321067
0.9313926408942711
0.947228691197019 
0.923
0.9596

wisconsin

0.9663589523400601
0.948754830399313 
0.9619579218548733
0.9408
0.9722

appendicitis

0.8774891774891774
0.8116883116883118
0.8770562770562771
0.8138
0.9338

titanic

0.7905545248402391
0.7905545248402391
0.7905545248402391
0.7888000000000001
0.7924